724
792
1808
1876
2583
2651
3358
3426
4133
4201
4684
4752
5478
5546
6562
6630
7337
7405
8112
8180
8887
8955
9438
9506
9973
10782
10850
11866
11934
12641
12709
13416
13484
14191
14259
14742
14810
15536
15604
16620
16688
17395
17463
18170
18238
18945
19013
19496
19564
20031
21147
21215
22231
22299
23006
23074
23781
23849
24556
24624
25107
25175
25901
25969
26985
27053
27760
27828
28535
28603
29310
29378
29861
29929
30396
30916
31651
31719
32735
32803
33510
33578
34285
34353
35060
35128
35611
35679
36405
36473
37489
37557
38264
38332
39039
39107
39814
39882
40365
40433
40900
41455
41523
42539
42607
43314
43382
44089
44157
44864
44932
45415
45483
46209
46277
47293
47361
48068
48136
48843
48911
49618
49686
50169
50237
50704
51349
51417
52433
52501
53208
53276
53983
54051
54758
54826
55309
55377
56103
56171
57187
57255
57962
58030
58737
58805
59512
59580
60063
60131
60598
62043
62111
63127
63195
63902
63970
64677
64745
65452
65520
66003
66071
66797
66865
67881
67949
68656
68724
69431
69499
70206
70274
70757
70825
71292
72005
72073
73089
73157
73864
73932
74639
74707
75414
75482
75965
76033
76759
76827
77843
77911
78618
78686
79393
79461
80168
80236
80719
80787
81254
82140
82208
83224
83292
83999
84067
84774
84842
85549
85617
86100
86168
86894
86962
87978
88046
88753
88821
89528
89596
90303
90371
90854
90922
91389
92082
92150
93166
93234
93941
94009
94716
94784
95491
95559
96042
96110
96836
96904
97920
97988
98695
98763
99470
99538
100245
100313
100796
100864
101331
102205
102273
103289
103357
104064
104132
104839
104907
105614
105682
106165
106233
106959
107027
108043
108111
108818
108886
109593
109661
110368
110436
110919
110987
111454
112127
112195
113211
113279
113986
114054
114761
114829
115536
115604
116087
116155
116881
116949
117965
118033
118740
118808
119515
119583
120290
120358
120841
120909
121376
122238
122306
123322
123390
124097
124165
124872
124940
125647
125715
126198
126266
126992
127060
128076
128144
128851
128919
129626
129694
130401
130469
130952
131020
131487
132140
132208
133224
133292
133999
134067
134774
134842
135549
135617
136100
136168
136894
136962
137978
138046
138753
138821
139528
139596
140303
140371
140854
140922
141389
142239
142307
143323
143391
144098
144166
144873
144941
145648
145716
146199
146267
146993
147061
148077
148145
148852
148920
149627
149695
150402
150470
150953
151021
151488
