20
121
294
1521
3071
5048
6275
7825
9859
10352
11579
13129
15106
16333
17883
19917
20232
20480
20717
21944
23494
25471
26698
28248
30282
30645
30959
31048
31221
32448
33998
35975
37202
38752
40786
41025
42252
43802
45779
47006
48556
50590
50919
52146
53696
55673
56900
58450
60484
61440
61613
62840
64390
66367
67594
69144
71178
71575
72802
74352
76329
77556
79106
81140
81537
81710
82937
84487
86464
87691
89241
91275
91652
92879
94429
96406
97633
99183
101217
101602
101775
103002
104552
106529
107756
109306
111340
111697
112924
114474
116451
117678
119228
121262
121635
121808
123035
124585
126562
127789
129339
131373
131710
132937
134487
136464
137691
139241
141275
141636
141809
143036
144586
146563
147790
149340
151374
